{
	"class" : {
		"forDefaultSessionDescription" : "AndreiChis 10/22/2016 22:51:04",
		"forSessionDescriptionNamed:" : "AndreiChis 10/14/2016 10:27" },
	"instance" : {
		"abortSession" : "AndreiChis 10/22/2016 22:51:04",
		"buildRemoteInspectorProxyFrom:" : "AndreiChis 10/22/2016 22:51:04",
		"buildRemoteInspectorProxyFrom:inContext:" : "AndreiChis 12/16/2016 00:59:56",
		"closeAllRemoteWindows" : "AndreiChis 10/22/2016 22:51:04",
		"commitSession" : "AndreiChis 10/22/2016 22:51:04",
		"creationTimeDescription" : "TravisCI 2/22/2017 11:39",
		"debuggerRequested:" : "AndreiChis 12/16/2016 00:59:56",
		"detailedDescription" : "AndreiChis 10/22/2016 22:51:04",
		"isActive" : "TravisCI 2/22/2017 11:39",
		"login" : "TravisCI 2/22/2017 11:31",
		"loginWith:" : "TravisCI 2/21/2017 20:27",
		"logout" : "TravisCI 2/22/2017 11:13",
		"logoutAndRemove" : "TravisCI 2/22/2017 11:35",
		"openGemstonePlayground" : "AndreiChis 10/22/2016 22:51:04",
		"openGemstonePlaygroundWithContents:" : "AndreiChis 10/22/2016 22:51:04",
		"performStringRemotely:" : "AndreiChis 10/22/2016 22:51:04",
		"performStringRemotely:inContext:" : "AndreiChis 12/16/2016 00:59:56",
		"performStringRemotelyAndInspect:" : "AndreiChis 10/22/2016 22:51:04",
		"printCreationTimeOn:" : "TravisCI 2/21/2017 20:57",
		"printDetailedDescriptionOn:" : "TravisCI 2/21/2017 20:58",
		"printOn:" : "AndreiChis 10/22/2016 22:51:04",
		"registerWithSessionHandler" : "TravisCI 2/21/2017 20:43",
		"removeFromSessionHandler" : "TravisCI 2/21/2017 20:43",
		"sessionHashDescription" : "TravisCI 2/22/2017 11:40",
		"startTime" : "AndreiChis 10/22/2016 22:51:04",
		"startTime:" : "AndreiChis 10/22/2016 22:51:04",
		"todeServerCreationStringWithOptions:" : "AndreiChis 10/26/2016 14:06:41",
		"updateSessionHandler" : "TravisCI 2/22/2017 11:13" } }
